68.92184448242188
68.90817260742188
68.91741180419922
70.0
68.90203094482422
74.41190338134766
67.75001525878906
69.00003051757812
68.38452911376953
69.46172332763672
68.40007019042969
69.09039306640625
69.06331634521484
69.41600799560547
68.1158447265625
68.56525421142578
69.11298370361328
69.0150375366211
68.69999694824219
68.94689178466797
69.34497833251953
68.91864013671875
68.73652648925781
72.92017364501953
69.1238784790039
69.95001220703125
69.70001983642578
75.25720977783203
76.11383819580078
69.47373962402344
69.11250305175781
69.50001525878906
68.90160369873047
69.3035888671875
69.65000534057617
69.2238540649414
68.0190200805664
70.0
69.45307159423828
69.05001831054688
68.35002899169922
75.21021270751953
69.70001983642578
69.55000305175781
68.76162719726562
68.84296417236328
70.40711212158203
68.9600830078125
68.8213882446289
68.50704193115234
69.10887145996094
67.6657943725586
69.00003051757812
68.69999694824219
73.29999542236328
69.35448455810547
69.56212615966797
69.56591796875
68.92942810058594
69.1500473022461
69.45000076293945
68.34196472167969
69.49819946289062
68.29998779296875
79.55418395996094
69.50001525878906
70.36524200439453
69.77115631103516
69.55000305175781
69.14999389648438
72.70099639892578
68.1314926147461
69.10459899902344
68.82833099365234
69.22038269042969
68.6593017578125
70.0
68.91495513916016
69.11394500732422
69.00003051757812
68.36802673339844
68.93450164794922
69.02876281738281
68.08038330078125
68.7197036743164
69.70001983642578
69.10443878173828
70.48481750488281
69.4690933227539
80.11040496826172
69.12889862060547
69.14999389648438
69.10000610351562
79.60000610351562
69.4884262084961
69.50001525878906
69.80741882324219
69.42530059814453
69.12035369873047
69.44148254394531
68.95004272460938
68.92232513427734
70.11247253417969
69.35005187988281
74.35828399658203
69.88394927978516
68.85001373291016
68.96980285644531
76.13082122802734
67.9560546875
68.85455322265625
69.22481536865234
68.8000259399414
69.33638000488281
69.11528015136719
70.49998474121094
68.34223175048828
69.21578979492188
69.14956665039062
69.21568298339844
68.9999771118164
69.2238540649414
69.6502456665039
69.3499984741211
69.5559310913086
68.29998779296875
68.5670166015625
70.0
69.42385864257812
69.09028625488281
69.0534896850586
68.98860168457031
68.90694427490234
68.95645141601562
69.11709594726562
68.50001907348633
69.468505859375
69.05001831054688
70.35002136230469
69.60009765625
69.50001525878906
68.75623321533203
69.8484878540039
68.50116729736328
68.50001907348633
69.64997863769531
69.76549530029297
69.12019348144531
69.1341323852539
69.50001525878906
69.40970611572266
68.93722534179688
69.09690856933594
70.61363220214844
69.05001831054688
68.85006713867188
69.34791564941406
68.91719818115234
69.4733657836914
68.73123931884766
69.55000305175781
69.41232299804688
68.11627197265625
68.88045501708984
69.30006408691406
69.35859680175781
70.00069427490234
69.9000244140625
69.65003204345703
69.11650848388672
68.40001678466797
72.90452575683594
69.35614013671875
67.8102035522461
72.61821746826172
69.34711456298828
69.1614761352539
68.90833282470703
74.37286376953125
68.8000259399414
69.45002746582031
68.94710540771484
69.14999389648438
69.98360443115234
69.9000244140625
68.09245300292969
69.02908325195312
70.0
69.17034149169922
69.36249542236328
68.64183807373047
69.45109558105469
68.30009460449219
69.07624053955078
68.35002899169922
69.22235870361328
69.11779022216797
68.3271713256836
68.98817443847656
70.25004577636719
69.05001831054688
73.2872314453125
69.5528335571289
69.28986358642578
68.50001907348633
69.22203826904297
68.9000015258789
75.35008239746094
68.43051147460938
69.35790252685547
69.05000495910645
68.50100708007812
73.5
69.14999389648438
69.41104125976562
69.14999389648438
68.8000259399414
70.24999237060547
68.65882110595703
69.11538696289062
69.50428771972656
69.07805633544922
69.10823059082031
70.12571716308594
69.04814910888672
69.47293853759766
69.44965362548828
69.36100006103516
69.2554702758789
80.04936218261719
68.54998016357422
69.56458282470703
70.17997741699219
69.10550689697266
76.15538787841797
69.4109878540039
68.8079833984375
69.35005187988281
73.5
69.70001983642578
69.15234375
68.73225402832031
70.20657348632812
69.68058013916016
70.6086654663086
68.93348693847656
69.14999389648438
68.76317596435547
69.50001525878906
69.30364227294922
69.3499984741211
68.44279479980469
69.2631607055664
68.80007934570312
68.51067352294922
69.05001831054688
69.14999389648438
68.94860076904297
69.4798812866211
69.188232421875
69.19245147705078
69.05001831054688
69.55870819091797
69.10433197021484
69.14139556884766
68.09998321533203
67.91621398925781
68.67329406738281
68.91132354736328
69.12638854980469
68.50004577636719
68.9868392944336
69.34369659423828
68.58202362060547
68.21080017089844
68.79997253417969
69.11811065673828
68.90384674072266
69.13407897949219
68.36722564697266
67.88908386230469
68.90005493164062
69.50001525878906
70.0
68.72344207763672
69.3739242553711
69.521484375
69.23191833496094
69.35005187988281
69.10411834716797
69.11015319824219
69.4266357421875
69.78856658935547
68.8000259399414
69.68421173095703
68.58773803710938
70.29816436767578
67.60918426513672
72.78826141357422
69.42182922363281
69.0700454711914
69.07319641113281
75.62480163574219
68.86913299560547
68.5795669555664
69.53841400146484
69.50001525878906
69.50001525878906
69.06310272216797
68.60002136230469
68.96868133544922
69.50001525878906
67.84999084472656
68.89588928222656
69.7946548461914
68.56888580322266
68.65000915527344
69.14908599853516
69.36943817138672
68.71735382080078
68.47483825683594
69.4015884399414
68.51606750488281
68.90048217773438
73.50432586669922
68.45005798339844
70.10002899169922
68.76910400390625
69.49996185302734
69.7000732421875
68.94998931884766
69.70001983642578
69.21338653564453
68.74998474121094
68.69999694824219
75.26714324951172
69.50001525878906
68.31974792480469
70.0
68.25
69.76624298095703
69.09973907470703
68.7259521484375
66.4000244140625
70.04913330078125
69.1290054321289
68.85001373291016
68.69999694824219
68.70977020263672
69.79999542236328
69.14999389648438
69.56351470947266
69.4499740600586
69.79855346679688
68.45000457763672
69.36180114746094
68.24327087402344
69.45873260498047
69.70001983642578
69.97789001464844
69.52388763427734
69.11805725097656
69.45002746582031
68.71495056152344
70.0
69.40003967285156
68.65978240966797
69.26235961914062
70.62602233886719
69.30519104003906
68.64466857910156
69.79401397705078
69.7878189086914
67.921875
69.35539245605469
70.0
68.81610107421875
69.00003051757812
74.31214141845703
69.1500473022461
68.90058898925781
69.05001831054688
68.85006713867188
69.80496215820312
69.10000610351562
68.74827575683594
68.94998931884766
68.8979721069336
69.14999389648438
68.71671295166016
68.25790405273438
69.05001831054688
70.01527404785156
69.12751007080078
69.0341567993164
69.56634521484375
69.43790435791016
69.11298370361328
68.69999694824219
72.7500228881836
68.29998779296875
68.75655364990234
68.50004577636719
68.94731903076172
68.17464447021484
76.32847595214844
69.3651123046875
68.70576477050781
68.11493682861328
68.36295318603516
70.00822448730469
70.24529266357422
69.9000244140625
68.72381591796875
69.60004425048828
68.42495727539062
68.15531158447266
70.0
69.36388397216797
70.0387191772461
68.6570053100586
68.16220092773438
69.50001525878906
70.34110260009766
69.37312316894531
68.4280014038086
68.3232192993164
69.50001525878906
68.42474365234375
68.90897369384766
69.55785369873047
68.95602416992188
69.32420349121094
68.95004272460938
80.2245864868164
68.44290161132812
69.20361328125
67.5803451538086
68.95938873291016
70.0
68.95004272460938
69.60001754760742
69.37349700927734
69.76116943359375
68.8042984008789
69.7951889038086
67.96096801757812
70.01180267333984
69.3565673828125
69.21493530273438
69.79999542236328
69.0030746459961
68.22858428955078
68.96820068359375
69.15971374511719
69.772705078125
74.60005187988281
68.70336151123047
67.67530059814453
69.2380599975586
68.14999771118164
69.130126953125
68.72830200195312
75.26185607910156
69.39998626708984
69.2779541015625
69.66535949707031
69.22406768798828
68.45000457763672
69.4545669555664
69.30989074707031
69.9134292602539
68.91159057617188
68.39996337890625
69.02555847167969
69.27021026611328
75.25128173828125
69.58332824707031
68.19798278808594
69.3409194946289
69.45002746582031
68.90411376953125
69.48452758789062
70.0
67.88011169433594
68.74336242675781
69.181396484375
68.77284240722656
69.55000305175781
69.10000610351562
68.79783630371094
69.36046600341797
69.69387817382812
69.1500072479248
68.54998016357422
69.35405731201172
69.44992065429688
69.4499740600586
69.00788116455078
68.16572570800781
69.45002746582031
73.0277328491211
69.34647369384766
70.18782806396484
69.10844421386719
69.32286834716797
69.37654113769531
69.40618133544922
74.23240661621094
72.55386352539062
68.94998931884766
68.65000915527344
69.36132049560547
68.29779815673828
69.77820587158203
68.16802215576172
69.07939147949219
69.14556121826172
68.79997253417969
69.56730651855469
69.13220977783203
69.79935455322266
75.10820770263672
69.14604187011719
70.0019760131836
69.10582733154297
69.35005187988281
68.4189224243164
79.58013916015625
70.0
68.63542938232422
69.90776824951172
69.0239028930664
68.91751861572266
68.94998931884766
69.352294921875
68.88029479980469
68.49999237060547
69.05172729492188
70.00240325927734
69.7767105102539
73.5
68.91180419921875
69.55801391601562
69.383056640625
68.9435806274414
68.5738525390625
69.01028442382812
68.8000259399414
68.65000915527344
69.14999389648438
69.49990844726562
69.49424743652344
69.10000610351562
69.08756256103516
68.28759765625
69.16526794433594
68.60002136230469
69.14999389648438
68.44760131835938
66.32771301269531
70.35002136230469
69.11698913574219
69.0235824584961
69.29242706298828
69.18577575683594
68.65000915527344
70.25004577636719
69.69499969482422
68.85001373291016
69.05001831054688
69.530029296875
69.3326416015625
80.18885803222656
68.55313110351562
73.05000305175781
69.45002746582031
69.38658142089844
68.449951171875
69.94296264648438
75.45005798339844
69.36858367919922
69.00003051757812
69.80608367919922
68.9000015258789
68.27659606933594
69.46134948730469
68.34420776367188
68.45000457763672
67.80806732177734
67.75054931640625
68.72258758544922
69.70001983642578
69.05001831054688
69.4499740600586
69.55000305175781
68.3121109008789
69.55000305175781
69.14999389648438
69.92288208007812
69.12211608886719
69.55000305175781
69.1554946899414
69.14999389648438
69.36687469482422
69.99369812011719
69.71219635009766
69.260009765625
68.76146697998047
70.0
68.79618072509766
69.77900695800781
69.888916015625
67.96342468261719
69.7000732421875
69.1153335571289
69.70001983642578
68.90406036376953
68.7094497680664
69.52741241455078
68.80007934570312
69.35079956054688
68.18473815917969
68.50127410888672
70.05228424072266
68.60199737548828
72.95130920410156
69.20158386230469
69.287353515625
69.45002746582031
70.35002136230469
68.6074447631836
69.50001525878906
68.45005798339844
68.56851196289062
71.3127670288086
69.48340606689453
68.71495056152344
68.86128234863281
69.14764404296875
68.6812515258789
68.56536102294922
69.36062622070312
70.0
69.05001831054688
69.90739440917969
67.75252532958984
69.87834167480469
69.55000305175781
68.40001678466797
69.59999084472656
68.20294952392578
78.0123062133789
69.41146850585938
68.9053955078125
68.65000915527344
68.4849853515625
70.00822448730469
69.36468505859375
69.02000427246094
68.58789825439453
68.892578125
68.3360366821289
80.20851135253906
67.82013702392578
70.0
68.93252563476562
69.05877685546875
68.5741195678711
69.06192779541016
69.05824279785156
68.83548736572266
74.28479766845703
69.05274200439453
69.35005187988281
74.76058959960938
69.1053466796875
69.30001068115234
68.99431610107422
69.49403381347656
67.66472625732422
69.33029174804688
69.15154266357422
69.85286712646484
70.30003356933594
69.16612243652344
67.73896026611328
79.29997253417969
70.0
68.37016296386719
69.56036376953125
69.03089904785156
68.56034088134766
68.59799194335938
74.98430633544922
68.69999694824219
67.73271179199219
69.70001983642578
69.35918426513672
68.9000015258789
68.69999694824219
67.69992065429688
69.4499740600586
68.1500244140625
68.6319580078125
68.9911117553711
69.9339370727539
68.90635681152344
68.80707550048828
69.06737518310547
69.35005187988281
70.0
69.3499984741211
76.11180877685547
69.22321319580078
69.04999160766602
69.48522186279297
72.90794372558594
68.47056579589844
69.30492401123047
69.1819839477539
69.61334228515625
76.98221588134766
69.1896743774414
70.0999755859375
67.60875701904297
69.56025695800781
69.50086975097656
69.17402648925781
69.05001831054688
69.50000190734863
75.26676940917969
70.10008239746094
69.93009185791016
68.67265319824219
70.25650787353516
69.22428131103516
68.87281799316406
69.40495300292969
69.17146301269531
68.3804702758789
80.24327850341797
68.952392578125
68.8025894165039
68.59046173095703
68.73321533203125
69.06171417236328
68.22441864013672
69.29995727539062
68.73615264892578
68.79997253417969
69.55037689208984
68.525146484375
68.7000503540039
68.94998931884766
69.54722595214844
69.10801696777344
67.92107391357422
68.67089080810547
68.60002136230469
69.96528625488281
69.06427764892578
69.0521011352539
68.55516052246094
68.6137466430664
68.95004272460938
69.0640640258789
69.0615005493164
68.9942626953125
68.62159729003906
68.94886779785156
69.35298919677734
69.1207275390625
69.15752410888672
67.95001983642578
68.79356384277344
69.40618133544922
69.08836364746094
68.44450378417969
69.4499740600586
69.55956268310547
68.95474243164062
69.48709106445312
69.68346405029297
69.43587493896484
69.15002059936523
76.13899230957031
68.81396484375
68.42981719970703
69.931640625
68.69999694824219
69.67855072021484
69.50813293457031
68.85375213623047
69.013916015625
69.89997100830078
68.96296691894531
79.15086364746094
71.31367492675781
69.00248718261719
76.13803100585938
69.90461730957031
69.02721405029297
68.55681610107422
70.06456756591797
68.50004577636719
69.0333023071289
74.31742858886719
68.90005493164062
68.71388244628906
69.41627502441406
69.76122283935547
68.48199462890625
69.30001068115234
70.1720199584961
69.60063171386719
68.9000015258789
69.52287292480469
78.0006103515625
68.40001678466797
70.07113647460938
70.0
69.93292236328125
69.7000732421875
67.92903137207031
69.35021209716797
69.28756713867188
68.99949645996094
70.220458984375
69.5892562866211
72.02012634277344
69.7886734008789
69.76779174804688
69.37071990966797
68.8000259399414
68.91057586669922
68.928466796875
69.70001983642578
69.14999389648438
68.95116424560547
69.34994506835938
69.14999389648438
67.59994506835938
69.90947723388672
67.90003204345703
77.4500503540039
68.70421600341797
68.85001373291016
68.5564956665039
69.30593872070312
69.32826232910156
69.32270812988281
69.08131408691406
69.84998321533203
68.25
69.05001831054688
68.8000259399414
68.99378204345703
68.9999771118164
68.3647689819336
68.45000457763672
67.77874755859375
68.59996795654297
69.55000305175781
68.14185333251953
68.75436401367188
69.49018859863281
68.17699432373047
69.97484588623047
69.1503677368164
68.7601318359375
69.55988311767578
69.48981475830078
67.78253936767578
69.64997863769531
69.20014190673828
68.5912094116211
68.85006713867188
69.2136001586914
69.56970977783203
69.59999084472656
68.49999237060547
68.76712799072266
68.80007934570312
68.89701080322266
68.80007934570312
69.05001831054688
69.75572204589844
69.67561340332031
69.14999389648438
69.39993286132812
68.30009460449219
69.37483215332031
68.48947143554688
68.79997253417969
69.70055389404297
69.34994506835938
69.4573974609375
68.10003662109375
68.44161987304688
69.55000305175781
68.70587158203125
67.9540786743164
69.89991760253906
67.60325622558594
68.55948638916016
69.03682708740234
69.10000610351562
69.11779022216797
67.9417953491211
68.85118865966797
69.48068237304688
69.2508773803711
69.80635070800781
69.8541488647461
80.13988494873047
69.15282440185547
69.13632202148438
66.90834045410156
69.69430541992188
69.14080810546875
68.40161895751953
68.76408386230469
67.95450592041016
69.26860809326172
69.25579071044922
80.06832122802734
68.20027923583984
68.58282470703125
69.25627136230469
66.29999542236328
68.25988006591797
76.30839538574219
70.85000610351562
70.01858520507812
68.91292572021484
71.35000419616699
69.12158203125
68.55003356933594
72.15000915527344
69.10385131835938
69.14999389648438
69.9108657836914
69.36521911621094
68.69999694824219
69.19143676757812
69.70001983642578
68.40370178222656
68.36909484863281
69.4499740600586
68.48658752441406
68.61908721923828
68.9000015258789
69.85003662109375
68.61353302001953
74.30001831054688
69.78434753417969
70.02873229980469
68.3485336303711
68.675537109375
69.8074722290039
74.36458587646484
69.800048828125
69.10807037353516
69.56159210205078
69.7000732421875
68.69305419921875
68.80921173095703
69.03079223632812
69.52217864990234
69.2095947265625
69.40003967285156
69.34994506835938
69.06096649169922
69.3499984741211
71.32553100585938
69.20008850097656
67.92732238769531
69.00003051757812
69.4499740600586
68.88964080810547
70.51910400390625
68.86384582519531
68.77278900146484
69.92133331298828
68.89994812011719
69.36415100097656
68.71895599365234
69.49958801269531
69.26470947265625
69.76934051513672
68.55986022949219
70.00870513916016
69.60565185546875
73.68232727050781
69.00216674804688
68.66405487060547
69.10871124267578
68.90507507324219
68.80007934570312
68.31360626220703
69.14796447753906
68.30431365966797
69.07068634033203
68.57481384277344
69.70001983642578
69.29867553710938
69.05669403076172
69.07015228271484
70.00379180908203
69.11495971679688
69.45002746582031
69.9111328125
69.75289154052734
69.19800567626953
69.7017822265625
67.9349594116211
68.94144439697266
68.13368225097656
77.01789093017578
69.3246841430664
68.80034637451172
69.57115173339844
70.0
69.05001831054688
68.85001373291016
69.2195816040039
70.23909759521484
69.12462615966797
67.94393157958984
67.96449279785156
75.26457977294922
73.33235931396484
68.9281997680664
70.00069427490234
68.50001907348633
70.0
69.14999389648438
68.74998474121094
67.5999984741211
68.33763885498047
69.26716613769531
68.91730499267578
68.50004577636719
69.8066177368164
68.87709045410156
69.05001831054688
69.94969177246094
68.7509994506836
69.96544647216797
69.35651397705078
69.55000305175781
67.60923767089844
69.69996643066406
73.38688659667969
69.66551971435547
68.91297912597656
68.38276672363281
69.14508056640625
68.73663330078125
69.30001068115234
69.20003509521484
68.04999542236328
70.60257720947266
77.25624084472656
69.46583557128906
69.4969711303711
70.00272369384766
68.46549224853516
80.1319808959961
69.1380844116211
68.35008239746094
69.20457458496094
68.72750091552734
68.09998321533203
68.46378326416016
69.76026153564453
69.50311279296875
68.92195129394531
68.95004272460938
69.70001983642578
68.39996337890625
75.27120208740234
69.05001831054688
68.80007934570312
68.98870849609375
69.11709594726562
69.55614471435547
69.7000732421875
68.01410675048828
69.35672760009766
68.80007934570312
68.84996032714844
73.06383514404297
68.25
68.85001373291016
69.18326568603516
70.05757141113281
66.05806732177734
69.4756088256836
79.25003814697266
69.14962005615234
69.80186462402344
70.51194763183594
68.8000259399414
69.50001525878906
69.10000610351562
69.60394287109375
69.30006408691406
68.95938873291016
68.81631469726562
69.11944580078125
68.91271209716797
70.01041412353516
68.67195892333984
69.49996185302734
69.15002059936523
68.36434173583984
69.15010070800781
69.07538604736328
70.00389862060547
69.77617645263672
68.05266571044922
69.55785369873047
75.12935638427734
77.45037078857422
79.15289306640625
68.48765563964844
68.48648071289062
68.87564849853516
69.47774505615234
69.4499740600586
69.47998809814453
68.26463317871094
69.1298599243164
69.26246643066406
69.10545349121094
69.91316223144531
70.0
69.4918441772461
70.10002899169922
68.2839126586914
69.10470581054688
68.32455444335938
68.80707550048828
69.49798583984375
68.945556640625
68.23440551757812
69.60169982910156
69.45243072509766
68.45646667480469
69.14999389648438
76.19998168945312
67.74114990234375
68.81278991699219
68.85599517822266
68.95004272460938
66.65007019042969
77.01046752929688
69.2648696899414
69.02801513671875
69.41301727294922
67.92855072021484
68.84996032714844
69.14999389648438
69.00003051757812
69.65003204345703
69.0953598022461
69.56095123291016
68.46917724609375
69.11207580566406
68.49999237060547
68.40001678466797
69.77761840820312
71.60003662109375
69.58380889892578
69.05001831054688
68.40455627441406
69.9000244140625
69.11143493652344
68.7256851196289
69.0663070678711
69.10000610351562
69.45002746582031
68.9999771118164
68.69999694824219
69.11714935302734
68.40007019042969
68.81124114990234
68.76232147216797
69.5650634765625
69.03191375732422
68.80392456054688
69.14999389648438
68.7393569946289
68.19338989257812
68.94998931884766
69.9000244140625
68.4727554321289
68.6715316772461
69.55000305175781
69.15282440185547
80.25828552246094
69.14999389648438
68.35002899169922
68.46202087402344
68.79997253417969
68.69999694824219
68.18580627441406
69.8575668334961
69.10000610351562
68.56455993652344
68.85588836669922
74.07026672363281
69.45467376708984
69.96966552734375
68.90005493164062
68.8829116821289
66.300048828125
69.10000610351562
70.95008850097656
69.52767944335938
69.45002746582031
69.1483383178711
68.71521759033203
68.81134796142578
68.57492065429688
69.60004425048828
69.36222839355469
77.0
69.29995727539062
69.2580337524414
68.81044006347656
68.9259033203125
69.2201156616211
68.70528411865234
69.12297058105469
69.14999389648438
75.2818832397461
68.43975067138672
69.65003204345703
76.11795043945312
69.20243835449219
69.25392150878906
69.765869140625
68.91014862060547
68.44744110107422
69.65008544921875
69.37371063232422
68.9999771118164
69.3499984741211
68.3685073852539
69.20003509521484
69.84998321533203
67.65265655517578
70.00347137451172
69.800048828125
69.05653381347656
68.90005493164062
69.2149887084961
68.50170135498047
69.10486602783203
67.76005554199219
69.09114074707031
69.10310363769531
80.08594512939453
69.14897918701172
70.00218963623047
69.37200164794922
68.50757598876953
70.00267028808594
79.64999389648438
68.77476501464844
69.14999389648438
71.31292724609375
69.95001220703125
69.51165771484375
70.00208282470703
68.65000915527344
68.87409973144531
69.77815246582031
68.18548583984375
69.35576629638672
68.40418243408203
69.50001525878906
68.90160369873047
70.6500015258789
69.13477325439453
69.59999084472656
67.94120788574219
69.20606994628906
68.95281982421875
69.11624145507812
69.29867553710938
69.14999389648438
69.5089340209961
69.697509765625
69.12836456298828
68.00684356689453
68.96002960205078
68.747314453125
75.12289428710938
69.20206451416016
68.98475646972656
69.55998992919922
68.87020111083984
68.70234680175781
69.69670867919922
68.31216430664062
68.75009155273438
70.0
70.60935974121094
70.93006134033203
68.28252410888672
68.60285186767578
69.14999389648438
67.80897521972656
69.947021484375
70.35002136230469
68.91970825195312
73.60814666748047
71.30203247070312
69.52981567382812
68.83228302001953
68.4137954711914
68.45005798339844
68.72071838378906
70.27252960205078
69.35005187988281
68.825927734375
68.55868530273438
69.46871948242188
68.66907501220703
68.96734619140625
69.05033874511719
68.45000457763672
68.90261840820312
69.05000495910645
69.10160827636719
69.36751556396484
69.90568542480469
68.50196838378906
68.6684341430664
68.22906494140625
69.21605682373047
69.35320281982422
68.94427490234375
69.94995880126953
70.60001373291016
75.12369537353516
68.6074447631836
69.3685302734375
69.14999389648438
68.87495422363281
68.50004577636719
68.67163848876953
69.55801391601562
65.35743713378906
69.116455078125
67.59994506835938
68.67879486083984
69.39998626708984
69.10369110107422
70.41314697265625
68.25
69.13423919677734
68.43499755859375
69.7878189086914
68.65118408203125
70.0
69.12366485595703
75.25
69.10230255126953
69.2657241821289
67.75001525878906
70.0
80.1977767944336
69.28938293457031
68.95597076416016
69.14759063720703
69.55000305175781
70.25111389160156
76.14000701904297
68.3499755859375
68.80109405517578
68.73284149169922
69.1500473022461
69.20628356933594
69.70001983642578
69.07330322265625
70.0
68.28738403320312
69.55000305175781
68.92654418945312
69.02865600585938
70.00267028808594
69.70000648498535
69.27143859863281
68.88873291015625
67.76171112060547
68.79997253417969
68.55216979980469
68.96916198730469
72.94992065429688
69.45002746582031
68.40001678466797
68.65000915527344
69.11912536621094
69.05000495910645
69.13263702392578
72.31636810302734
69.70001983642578
68.72093200683594
69.27165222167969
66.39527130126953
70.0
68.34420776367188
70.0
69.14999389648438
70.0
69.4422836303711
70.40054321289062
68.57646942138672
68.9999771118164
68.70822143554688
72.76930236816406
74.05007934570312
72.58056640625
68.92782592773438
68.65000915527344
69.05343627929688
70.55007934570312
68.94534301757812
68.44429016113281
67.60603332519531
70.0
69.10572052001953
68.80007934570312
68.69599151611328
66.93376159667969
68.65000915527344
69.07378387451172
69.13172912597656
69.41061401367188
68.29122924804688
68.66197204589844
69.24382781982422
69.20286560058594
69.571044921875
69.13739013671875
69.7000732421875
68.8114013671875
69.08772277832031
69.3499984741211
69.1315689086914
69.29878234863281
69.25007629394531
75.3499755859375
69.38551330566406
69.90568542480469
70.0
69.1500473022461
69.39998626708984
68.29865264892578
68.65753936767578
69.04911041259766
68.96125793457031
69.40003967285156
74.36811065673828
69.73601531982422
71.50577545166016
73.15478515625
79.15000915527344
68.82245635986328
68.94133758544922
69.64997863769531
68.84419250488281
69.45830535888672
68.9008560180664
69.45237731933594
68.26057434082031
69.11202239990234
69.34455108642578
69.36505889892578
69.34273529052734
69.30001068115234
80.20028686523438
69.35966491699219
69.05087280273438
69.39998626708984
69.35005187988281
69.7020492553711
68.24022674560547
68.92264556884766
68.70010375976562
68.90005493164062
68.56140899658203
69.14999389648438
68.28108215332031
69.62765502929688
68.33550262451172
69.00120544433594
69.58177947998047
75.90625
68.75917053222656
70.04998779296875
69.64997863769531
68.35152435302734
69.71791076660156
69.47235107421875
68.85001373291016
69.03153991699219
69.78338623046875
68.85006713867188
70.0
69.58140563964844
70.00192260742188
68.55622863769531
69.70001983642578
69.39859771728516
69.70001983642578
69.30001068115234
69.20398712158203
68.7327880859375
68.5655746459961
69.12206268310547
69.14999389648438
79.15214538574219
69.55913543701172
69.34994506835938
68.49993896484375
69.08622741699219
77.90554809570312
68.30004119873047
69.5092544555664
68.57219696044922
69.78103637695312
69.55753326416016
68.94998931884766
69.20088958740234
68.4655990600586
68.46170043945312
69.0791244506836
73.40851593017578
70.05479431152344
69.06758880615234
68.94630432128906
69.70001983642578
68.32220458984375
77.26045989990234
68.33235168457031
69.3787841796875
68.49999237060547
69.18828582763672
68.87821197509766
68.97845458984375
69.48912048339844
69.07880401611328
69.30284118652344
69.98242950439453
70.0
69.04996490478516
69.23613739013672
68.65000915527344
68.79999923706055
69.39998626708984
68.95244598388672
69.14994049072266
68.64995574951172
69.06112670898438
76.59999084472656
69.84998321533203
68.70469665527344
80.16242218017578
69.1252670288086
68.8099594116211
69.9000244140625
68.55606842041016
69.05001831054688
75.2702407836914
69.10742950439453
69.17098236083984
69.24414825439453
68.8000259399414
70.20005798339844
69.20003509521484
69.5001220703125
69.55000305175781
69.08793640136719
68.93321990966797
69.2101821899414
68.62149047851562
69.19912719726562
69.93110656738281
69.14999389648438
69.12948608398438
68.5137710571289
69.10924530029297
68.85033416748047
69.34166717529297
68.85001373291016
68.13288116455078
76.20003509521484
67.70504760742188
69.93174743652344
70.38062286376953
68.75003814697266
68.72034454345703
68.85001373291016
68.89984130859375
68.50004577636719
69.50001525878906
69.35005187988281
69.44992065429688
69.23191833496094
69.35811614990234
69.07939147949219
68.51200866699219
69.66915130615234
80.19975280761719
69.36463165283203
69.96309661865234
69.79070281982422
69.4759292602539
69.75983428955078
68.28722381591797
69.06171417236328
68.7031478881836
69.01386260986328
67.60069274902344
69.7000732421875
68.45000457763672
74.36581420898438
69.50001525878906
68.9230728149414
70.0
68.9999771118164
68.63799285888672
68.85001373291016
68.8000259399414
75.77412414550781
69.50001525878906
69.9000244140625
69.56089782714844
69.35731506347656
70.0
73.15483856201172
77.04293823242188
69.3499984741211
69.15474700927734
69.33451080322266
68.70758056640625
70.0
76.34839630126953
70.0
69.14999389648438
68.88910675048828
69.0580825805664
69.48735809326172
68.2699203491211
68.93177795410156
68.6581802368164
68.2528305053711
68.85001373291016
68.64999580383301
69.11912536621094
69.59999084472656
74.23075103759766
69.15002059936523
69.45002746582031
69.60319519042969
68.33908081054688
79.2515869140625
68.86929321289062
69.21210479736328
69.47112274169922
69.45002746582031
69.73152923583984
69.49996185302734
68.50106048583984
68.96344757080078
69.14999389648438
69.45002746582031
68.53844451904297
70.05004119873047
68.58880615234375
72.60299682617188
68.28001403808594
69.69999313354492
69.20003509521484
69.55000305175781
69.11282348632812
69.90974426269531
68.69999694824219
69.46215057373047
68.09330749511719
69.52698516845703
73.57765197753906
68.9000015258789
69.50001525878906
69.30107879638672
69.91449737548828
68.85006713867188
69.02449035644531
69.52009582519531
69.18134307861328
68.66512298583984
69.55523681640625
76.10513305664062
68.80461883544922
80.06928253173828
69.37088012695312
69.42343139648438
69.14999389648438
68.45011138916016
68.8000259399414
68.76424407958984
70.40000915527344
68.55793762207031
69.3628158569336
68.16417694091797
69.11490631103516
68.6211166381836
68.5849609375
68.53572082519531
68.52984619140625
69.84992980957031
69.48981475830078
69.56410217285156
68.90614318847656
68.14826202392578
69.80725860595703
69.1443862915039
69.2260971069336
68.82112121582031
69.20008850097656
68.95004272460938
69.47256469726562
69.94087982177734
69.60004425048828
71.16259002685547
68.66111755371094
69.0221939086914
69.84058380126953
68.31120300292969
69.003662109375
70.449462890625
74.3752670288086
70.0629653930664
69.55000305175781
68.89925384521484
68.76066589355469
69.06753540039062
69.10000610351562
68.90005493164062
69.69222259521484
69.44895935058594
69.33403015136719
69.62760162353516
69.3593978881836
70.179443359375
68.71041107177734
69.2090072631836
69.7000732421875
69.35950469970703
69.84998321533203
69.35005187988281
69.41686248779297
69.26876831054688
68.49999237060547
69.35977172851562
69.20030212402344
68.8000259399414
68.45000457763672
68.93268585205078
69.90734100341797
68.82710266113281
70.62126922607422
68.58747100830078
69.14999389648438
68.25
77.20005798339844
69.48976135253906
68.5806884765625
68.8000259399414
69.95294952392578
68.88451385498047
69.061767578125
68.40001678466797
68.91885375976562
70.20005798339844
69.05204772949219
66.30453491210938
68.92916107177734
69.46209716796875
68.80152130126953
69.51133728027344
70.02787780761719
68.06916809082031
69.41146850585938
69.05001831054688
78.01823425292969
68.95687866210938
69.18203735351562
69.35929107666016
68.90416717529297
68.72509765625
68.92232513427734
69.13279724121094
68.71131896972656
69.92133331298828
70.26670837402344
69.01167297363281
69.12916564941406
68.30944061279297
68.42047119140625
69.2021713256836
68.45000457763672
69.97468566894531
80.21257019042969
69.27442932128906
69.79417419433594
69.36441802978516
68.9612045288086
69.14999389648438
68.68701934814453
69.18524169921875
69.14198303222656
68.85700988769531
69.1133041381836
70.00416564941406
68.96745300292969
68.80007934570312
80.1439437866211
67.86729431152344
69.55000305175781
69.80314636230469
68.8589859008789
69.14999389648438
68.87479400634766
68.2935791015625
69.11026000976562
67.75861358642578
68.40909576416016
67.61019897460938
68.5795669555664
69.14999389648438
69.2466049194336
68.58261108398438
68.82646179199219
68.80333709716797
69.14443969726562
68.90005493164062
70.5146713256836
69.17301177978516
70.00587463378906
69.12377166748047
69.05001831054688
69.7823715209961
69.1252670288086
68.45005798339844
69.06315612792969
70.32048797607422
69.43058776855469
68.3716049194336
70.21810913085938
69.32527160644531
69.30001068115234
70.04998779296875
69.352294921875
69.45002746582031
69.07239532470703
69.45002746582031
69.13536071777344
69.35517883300781
68.00000762939453
68.69999694824219
68.85989379882812
68.83463287353516
69.12793731689453
70.00379180908203
69.05001831054688
69.48046875
69.14999389648438
69.09749603271484
67.81826782226562
68.50079345703125
69.08505249023438
69.38273620605469
69.10999298095703
68.91089630126953
68.70939636230469
69.90248107910156
68.88381958007812
70.05004119873047
69.41963958740234
70.35002136230469
69.50001525878906
69.0708999633789
69.11341094970703
68.8829116821289
70.04865264892578
70.23717498779297
69.30001068115234
69.14999389648438
69.05220794677734
69.00000381469727
69.35101318359375
68.92371368408203
68.55767059326172
68.291015625
69.45002746582031
69.2115707397461
68.8000259399414
68.87751770019531
69.29995727539062
69.1805419921875
68.47179412841797
68.81444549560547
69.05001831054688
69.48260498046875
68.97711944580078
69.89999771118164
68.70758056640625
68.95420837402344
69.45002746582031
74.3516616821289
68.919921875
79.9029769897461
68.3194808959961
69.7000732421875
69.70001983642578
69.73046112060547
67.6999740600586
68.9153823852539
69.05343627929688
69.45002746582031
69.17066192626953
69.14999389648438
70.48631286621094
69.09028625488281
70.56706237792969
68.88761138916016
69.09258270263672
69.69697570800781
69.22369384765625
68.50821685791016
69.70610809326172
69.7000732421875
68.92013549804688
69.01663970947266
68.33699798583984
68.10115814208984
69.0449447631836
69.5473861694336
69.15522766113281
68.41160583496094
68.44770812988281
69.50001525878906
69.26406860351562
67.60261535644531
69.0193099975586
68.35072326660156
79.90815734863281
69.05423736572266
69.8154296875
69.20265197753906
68.72467041015625
69.66226196289062
75.3499755859375
69.00355529785156
69.70001983642578
68.93797302246094
68.33475494384766
69.1500473022461
68.29267120361328
68.9218978881836
68.8763427734375
68.65000915527344
68.58741760253906
69.9951400756836
68.77102661132812
68.85001373291016
69.0176010131836
70.0
69.11399841308594
68.49999237060547
69.9000244140625
68.61572265625
69.05461120605469
68.92659759521484
69.14630889892578
69.09616088867188
69.13594818115234
69.0064926147461
68.73374938964844
69.36981201171875
68.65631103515625
68.25
69.90333557128906
69.00003051757812
69.113037109375
69.4243392944336
74.32976531982422
68.8000259399414
69.41510009765625
69.65003204345703
69.08585357666016
69.77558898925781
69.11629486083984
80.05886840820312
69.3499984741211
69.00617218017578
68.04999542236328
69.2127456665039
69.05001831054688
69.12232971191406
69.65003204345703
68.64824676513672
80.19451904296875
68.85006713867188
68.969482421875
68.79997253417969
68.79999923706055
69.55000305175781
70.0
69.75636291503906
68.40001678466797
69.05936431884766
69.00270080566406
69.35549926757812
68.61470794677734
69.80805969238281
72.70008850097656
69.07939147949219
70.0
68.9312973022461
68.90005493164062
68.41032409667969
69.90723419189453
69.06336975097656
67.60111999511719
68.8000259399414
68.9999771118164
69.04996490478516
68.63532257080078
69.14999389648438
68.9692153930664
75.27520751953125
75.26014709472656
69.54952239990234
69.91935729980469
68.60536193847656
68.57160949707031
68.29998779296875
68.60771179199219
69.8128662109375
68.79999923706055
69.14999389648438
70.0
69.06107330322266
69.20852661132812
69.30006408691406
70.0
69.05744171142578
69.67710876464844
68.25
68.85006713867188
68.80007934570312
69.05001831054688
77.0
69.05001831054688
68.91773223876953
69.23902130126953
70.0
68.90801239013672
68.45000457763672
69.220703125
68.93909454345703
74.80731964111328
69.357421875
69.10000610351562
68.49999237060547
70.44700622558594
67.5792236328125
70.0
68.24668884277344
68.74998474121094
69.10182189941406
76.11357116699219
69.56484985351562
69.9000244140625
68.93946838378906
70.06333923339844
69.26844787597656
68.8273696899414
68.75810241699219
75.25726318359375
68.58357238769531
69.23117065429688
69.90937042236328
68.72370910644531
68.84996032714844
68.90432739257812
69.4593734741211
69.1167221069336
69.52265930175781
68.97343444824219
69.63374328613281
68.74095916748047
69.36260223388672
69.212158203125
68.93311309814453
69.2030258178711
69.05001831054688
69.11373138427734
68.95169830322266
69.18379974365234
70.03006744384766
69.1019287109375
76.12275695800781
68.58378601074219
70.35333251953125
68.67057037353516
68.32754516601562
69.15768432617188
69.45178985595703
68.8501205444336
68.58442687988281
68.69171905517578
69.3451919555664
68.21218872070312
69.36500549316406
69.1603012084961
69.14732360839844
69.379638671875
68.55815124511719
69.14999389648438
68.39996337890625
69.86488342285156
68.8499870300293
68.50554656982422
69.76741790771484
69.1341323852539
70.02259063720703
68.79997253417969
69.11864471435547
69.15960693359375
68.00000762939453
69.4067153930664
69.64997863769531
69.40003967285156
69.10000610351562
68.71495056152344
69.21520233154297
69.14999389648438
69.55561065673828
68.80007934570312
69.39939880371094
67.80587768554688
68.40626525878906
69.13199615478516
69.35005187988281
74.30498504638672
69.05001831054688
69.05001831054688
68.11199951171875
68.85000038146973
68.91410064697266
68.46533203125
69.11100769042969
69.14999389648438
72.60897827148438
66.72505187988281
69.81500244140625
69.74119567871094
69.27357482910156
68.70394897460938
68.71788787841797
69.70000648498535
68.56028747558594
68.89893341064453
69.55000305175781
68.9845962524414
68.07669830322266
69.0919418334961
68.90886688232422
69.10000610351562
79.15593719482422
70.0
68.8552474975586
68.46955108642578
70.0
68.44493103027344
69.01119232177734
69.11944580078125
68.39996337890625
68.33480834960938
69.00772094726562
69.800048828125
68.65657806396484
69.10758972167969
68.50001907348633
68.96590423583984
69.10929870605469
77.90570831298828
68.80499267578125
69.84998321533203
70.0
69.70001983642578
70.1714859008789
69.12232971191406
69.0597915649414
70.24999237060547
69.40425872802734
67.66702270507812
68.35243225097656
68.93124389648438
69.6627426147461
69.1503677368164
69.34834289550781
70.0
69.1150131225586
69.50001525878906
69.78504180908203
69.94381713867188
67.90547943115234
75.26607513427734
68.94998931884766
70.0
69.43614196777344
69.7003402709961
69.46775817871094
68.70838165283203
69.59320831298828
68.81599426269531
67.75001525878906
68.6664047241211
70.6081314086914
69.22348022460938
69.7000732421875
69.4610824584961
70.0
68.81049346923828
69.5155029296875
68.90005493164062
77.20005798339844
69.50049591064453
69.24019622802734
68.40007019042969
68.92515563964844
68.49999237060547
68.39999008178711
68.5060806274414
68.35002899169922
69.46802520751953
70.38558959960938
69.24516296386719
67.90003204345703
69.49878692626953
69.10299682617188
69.08761596679688
74.35406494140625
69.3631362915039
75.35248565673828
69.17167663574219
69.56687927246094
68.40001678466797
69.2181396484375
70.0
69.10908508300781
69.07992553710938
68.69999694824219
79.1544418334961
68.05934143066406
68.74998474121094
68.9278793334961
68.65000915527344
68.25
69.00403594970703
69.0523681640625
68.8752212524414
69.50001525878906
69.2016372680664
68.79997253417969
69.6963882446289
69.23218536376953
69.31181335449219
69.30001068115234
70.0
69.3622817993164
68.93284606933594
69.55187225341797
69.45002746582031
69.2013168334961
68.15782165527344
69.1230239868164
68.70197296142578
69.1537857055664
69.26011657714844
68.60002136230469
69.89799499511719
69.1269760131836
68.95004272460938
69.00334167480469
75.28428649902344
68.44332885742188
68.34901428222656
67.75001525878906
68.8000259399414
69.55272674560547
69.36783599853516
68.41582489013672
67.9697265625
68.41870880126953
69.10721588134766
68.15023803710938
69.21627044677734
68.19184112548828
70.0
69.55000305175781
69.06582641601562
69.36602020263672
69.10395812988281
69.77970123291016
70.77993774414062
68.37860107421875
68.80221557617188
69.3639907836914
74.71455383300781
68.90827941894531
68.65000915527344
69.05000495910645
68.25
69.52997589111328
70.0199203491211
69.00430297851562
70.5855941772461
69.60885620117188
70.04998779296875
68.42121887207031
68.77791595458984
76.20003509521484
68.28887939453125
69.73179626464844
80.1063461303711
69.01343536376953
73.50074768066406
68.7242431640625
74.3570556640625
69.10353088378906
69.33162689208984
69.20799255371094
69.40003967285156
69.05001831054688
77.90581512451172
70.35840606689453
68.9000015258789
70.23664093017578
67.90414428710938
74.80475616455078
80.13262176513672
69.14999389648438
68.45401000976562
79.25666046142578
67.74232482910156
68.85674285888672
69.9017333984375
69.34866333007812
69.14999389648438
68.94886779785156
68.22468566894531
69.1526107788086
69.46161651611328
69.98013305664062
68.99703979492188
70.65422058105469
69.81420135498047
68.33454132080078
69.9000244140625
68.55387878417969
68.8000259399414
68.9000015258789
69.50231170654297
69.77217102050781
68.15552520751953
76.30487060546875
69.48377990722656
67.8947982788086
68.46773529052734
68.29998779296875
69.603515625
69.22113037109375
68.95004272460938
73.09999084472656
68.46698760986328
67.7999496459961
69.41050720214844
69.79999542236328
75.26473999023438
70.0
69.05001831054688
68.60851287841797
68.96280670166016
68.9000015258789
70.10809326171875
69.30086517333984
69.52340698242188
68.71468353271484
69.80400085449219
69.2739486694336
69.14999389648438
69.24564361572266
68.71612548828125
72.30007934570312
73.0331802368164
68.50084686279297
68.80846405029297
69.20072937011719
68.57972717285156
68.98721313476562
80.17182159423828
70.32598876953125
69.1890869140625
69.40003967285156
69.10000610351562
69.1500072479248
68.8797607421875
68.40001678466797
73.69674682617188
69.17466735839844
69.69542694091797
69.47758483886719
68.79999923706055
75.26185607910156
69.51309967041016
68.82160186767578
70.0
68.6763916015625
69.26978302001953
68.15274810791016
69.08051300048828
69.01770782470703
70.02734375
69.05364990234375
69.18855285644531
68.30217742919922
69.30460357666016
77.0
77.44999694824219
69.9000244140625
68.7470474243164
69.91668701171875
68.50127410888672
68.80007934570312
69.47758483886719
68.85001373291016
69.15002059936523
68.75799560546875
69.79390716552734
68.51280975341797
74.11405944824219
68.85001373291016
69.47053527832031
68.6604232788086
69.3582763671875
69.4098129272461
69.14999389648438
69.1708755493164
69.0660400390625
69.43357849121094
69.10791015625
68.56167602539062
68.59574890136719
69.22705841064453
69.05322265625
69.5567855834961
69.45002746582031
68.55863189697266
68.97476959228516
79.55391693115234
68.55644226074219
77.01826477050781
69.10000610351562
68.01976776123047
70.15792083740234
69.12425231933594
68.66624450683594
69.20227813720703
69.12852478027344
69.17701721191406
68.09998321533203
68.72418975830078
70.00037384033203
69.6644515991211
68.96125793457031
79.50959014892578
74.4097671508789
68.75569915771484
69.56794738769531
69.2417984008789
69.20703125
68.5106201171875
69.20906066894531
68.56765747070312
75.00999450683594
69.55502319335938
70.0
69.22187805175781
69.45264434814453
68.85001373291016
69.02571868896484
68.95415496826172
69.13397216796875
69.50001525878906
68.68205261230469
70.70004272460938
69.80282592773438
69.77911376953125
69.00414276123047
69.16355895996094
69.10075378417969
69.3622817993164
68.27595520019531
69.11271667480469
70.31039428710938
70.62960052490234
68.80339050292969
69.63358306884766
68.91698455810547
69.06555938720703
68.49999237060547
73.44995880126953
69.60004425048828
68.59510803222656
69.01242065429688
69.01097869873047
68.31275177001953
69.14999389648438
68.41748046875
69.5243148803711
69.22887420654297
68.43125915527344
68.5749740600586
70.00074768066406
68.71746063232422
68.60002136230469
68.92974853515625
68.65000915527344
69.0657730102539
69.19026184082031
69.04756164550781
69.70001983642578
68.65000915527344
70.0999755859375
69.40003967285156
69.02684020996094
68.41822814941406
68.79997253417969
68.7803726196289
68.60562896728516
69.12318420410156
68.65000915527344
69.7903823852539
69.11154174804688
69.4380111694336
69.53478240966797
68.31526184082031
69.26903533935547
68.80467224121094
70.44999694824219
69.20537567138672
69.21728515625
69.11779022216797
74.15005493164062
69.10582733154297
69.45750427246094
68.98454284667969
68.72985076904297
69.35005187988281
67.75001525878906
69.18860626220703
70.0
69.76068878173828
76.56826782226562
69.48719787597656
69.41691589355469
69.11255645751953
79.15193176269531
69.12553405761719
73.71971130371094
68.914794921875
69.35005187988281
69.1397933959961
70.25004577636719
69.1500473022461
69.9165267944336
68.94886779785156
69.50674438476562
69.35710144042969
79.2500114440918
68.32038879394531
69.20393371582031
69.48036193847656
70.01046752929688
68.91271209716797
69.20398712158203
68.942138671875
69.11629486083984
69.50001525878906
67.57463073730469
69.8501968383789
69.69051361083984
69.55331420898438
67.81757354736328
69.57595825195312
69.80779266357422
69.35208129882812
70.0
69.47528839111328
67.80000305175781
69.05076599121094
69.50514221191406
69.05001831054688
68.7000503540039
68.80755615234375
69.63123321533203
77.3050537109375
69.45002746582031
69.1500473022461
68.82672882080078
68.65000915527344
68.8911361694336
73.15980529785156
68.71297454833984
76.20003509521484
69.01129913330078
68.96873474121094
68.94026947021484
68.40850830078125
69.05824279785156
69.12809753417969
69.9000244140625
69.12857818603516
69.7000732421875
68.64999580383301
69.29525756835938
68.93738555908203
69.41931915283203
69.40003967285156
69.15533447265625
69.7000732421875
69.37579345703125
69.21381378173828
79.1530532836914
69.12371826171875
69.00000381469727
69.0666275024414
69.91893005371094
80.2011947631836
73.5
80.16653442382812
69.49996185302734
68.7327880859375
69.3434829711914
70.60631561279297
68.66741943359375
68.70581817626953
68.69999694824219
69.7000732421875
68.82913208007812
68.80280303955078
68.37165832519531
69.08718872070312
69.26348114013672
68.9669189453125
70.0
68.96051025390625
68.28423309326172
69.1862564086914
68.50001907348633
68.9000015258789
69.79631042480469
68.55313110351562
68.9808578491211
69.50001525878906
68.9000015258789
68.92339324951172
69.14999389648438
69.4813232421875
69.88763427734375
69.21488189697266
68.95004272460938
69.53590393066406
68.85001373291016
70.01559448242188
69.55203247070312
70.01730346679688
69.4858627319336
70.51146697998047
68.79997253417969
68.04198455810547
80.24156951904297
69.19918060302734
70.6500015258789
68.95004272460938
70.3141860961914
68.56349182128906
68.79997253417969
69.0130615234375
69.14999389648438
69.03372955322266
79.15000915527344
69.1102066040039
67.74173736572266
69.96363067626953
76.18855285644531
69.35069274902344
71.34999084472656
69.78007507324219
69.13546752929688
67.75001525878906
69.16334533691406
69.34994506835938
69.12921905517578
68.6111831665039
80.18538665771484
69.60009765625
68.46981811523438
74.36202239990234
69.47496795654297
69.24810028076172
73.5
68.70587158203125
69.10807037353516
69.70001983642578
68.25053405761719
69.45178985595703
68.79997253417969
68.91233825683594
69.9000244140625
69.21050262451172
68.1019058227539
69.9000244140625
68.49999237060547
68.449951171875
69.55171203613281
69.5394287109375
68.50159454345703
68.52050018310547
69.9000244140625
69.30780792236328
69.11821746826172
68.8000259399414
69.33472442626953
68.70138549804688
69.15725708007812
70.0
79.61154174804688
71.01294708251953
69.1679916381836
68.70256042480469
69.56031036376953
68.31301879882812
69.14059448242188
69.46572875976562
76.14999389648438
69.08238220214844
68.52498626708984
68.86555480957031
70.01628875732422
68.73433685302734
76.1500473022461
69.26380157470703
69.10000610351562
74.20004272460938
68.29998779296875
68.80007934570312
69.14999389648438
73.7295913696289
69.06085968017578
68.95004272460938
69.11576080322266
69.50813293457031
80.13897705078125
68.65113067626953
68.93946838378906
69.35005187988281
69.40003967285156
68.75516510009766
68.5712890625
70.10002899169922
69.56880187988281
69.70001983642578
69.9000244140625
69.16585540771484
76.1500473022461
69.5858383178711
68.96157836914062
75.60221099853516
68.92291259765625
68.95965576171875
69.67577362060547
69.36644744873047
80.0853042602539
69.27784729003906
68.9594955444336
70.16395568847656
69.45515441894531
69.11522674560547
68.53844451904297
80.05721282958984
69.19373321533203
68.63687133789062
70.15007019042969
69.81948852539062
68.66336059570312
68.9000015258789
68.6658706665039
69.0278549194336
69.10000610351562
68.40001678466797
69.36676788330078
68.870361328125
69.67668151855469
69.16436004638672
69.55000305175781
68.56861877441406
68.07237243652344
69.25701904296875
69.48212432861328
69.38140106201172
70.00149536132812
69.09407806396484
69.42957305908203
69.35005187988281
69.30006408691406
69.45002746582031
70.00731658935547
69.13386535644531
67.75936126708984
69.43822479248047
69.2560043334961
68.95004272460938
69.20008850097656
68.4257583618164
68.5054931640625
76.20206451416016
69.03816223144531
69.77409362792969
68.91885375976562
69.35005187988281
69.40799713134766
69.10871124267578
68.4941177368164
68.66474914550781
68.89759826660156
69.35555267333984
68.23242950439453
68.69999694824219
69.41878509521484
69.51256561279297
77.35002136230469
68.9000015258789
68.79999923706055
69.05000495910645
70.21228790283203
68.70410919189453
70.32059478759766
69.2588882446289
68.8800277709961
69.55961608886719
69.95748901367188
68.1175537109375
68.76985168457031
68.93375396728516
80.40899991989136
68.92093658447266
76.20008850097656
69.35005187988281
68.07536315917969
69.10716247558594
68.6575927734375
68.16166687011719
69.97025299072266
68.69999694824219
70.00502014160156
69.6710205078125
69.50001525878906
68.43558502197266
69.20772552490234
69.05001831054688
69.16932678222656
68.50004577636719
69.800048828125
68.94144439697266
69.49990844726562
68.80894470214844
70.0
70.0
69.1343994140625
69.39998626708984
68.3363037109375
79.60283660888672
68.35558319091797
68.09015655517578
70.0025634765625
68.89151000976562
71.34999084472656
67.95744323730469
68.9583740234375
69.36756896972656
69.7000732421875
69.20003509521484
69.1500473022461
69.35416412353516
69.18524169921875
69.15597534179688
69.1269760131836
67.87364959716797
76.12622833251953
68.23702239990234
69.79994201660156
68.125244140625
69.39993286132812
67.75001525878906
69.56287384033203
69.18032836914062
69.13082122802734
69.05000495910645
68.95004272460938
68.7080078125
73.15740203857422
67.65938568115234
68.35472869873047
68.9000015258789
69.2042007446289
69.55000305175781
67.7512435913086
68.00796508789062
68.9316177368164
69.45002746582031
69.57157897949219
68.25891876220703
69.550537109375
68.46672058105469
69.5172119140625
69.67192840576172
69.4499740600586
68.59371948242188
69.2101821899414
68.89823913574219
70.0025634765625
69.20868682861328
69.14999389648438
69.81639099121094
68.96745300292969
69.00291442871094
69.75908660888672
69.35822296142578
70.19535827636719
69.91775512695312
69.9000244140625
69.61542510986328
70.0
69.00291442871094
69.70001983642578
69.1303939819336
69.55107116699219
68.80007934570312
69.1500473022461
70.6172103881836
68.46356964111328
69.14443969726562
69.50001525878906
66.4000244140625
69.58060455322266
69.35822296142578
68.17176055908203
68.44877624511719
69.48036193847656
69.33734130859375
68.884033203125
68.61038208007812
69.32735443115234
69.85003662109375
69.53152465820312
68.91575622558594
69.15266418457031
68.68984985351562
69.63406372070312
69.34588623046875
68.80985260009766
68.69999694824219
68.9632339477539
68.40001678466797
69.10000610351562
70.0
69.34679412841797
69.113037109375
68.70581817626953
79.25975799560547
68.79997253417969
69.35357666015625
68.8025894165039
69.44960021972656
69.3499984741211
68.92253875732422
69.48944091796875
70.15007019042969
69.56495666503906
69.7587661743164
69.20008850097656
69.97142791748047
70.0
76.10235595703125
69.39993286132812
69.37178802490234
69.69046020507812
69.47795867919922
69.35752868652344
68.46581268310547
69.46968078613281
69.359130859375
68.70368194580078
68.8000259399414
68.39999008178711
69.1500473022461
68.97028350830078
67.92390441894531
69.7120361328125
68.96686553955078
68.59996795654297
68.46650695800781
74.35000610351562
69.70001983642578
68.65059661865234
68.92462158203125
69.14844512939453
69.55609130859375
68.85305786132812
70.04769134521484
74.36613464355469
68.91057586669922
70.40059661865234
73.70005798339844
69.4999885559082
69.35122680664062
68.79997253417969
69.02833557128906
68.44471740722656
68.22169494628906
68.75003814697266
69.14342498779297
68.52669525146484
69.13957977294922
69.7704086303711
69.14999389648438
69.1722640991211
68.95148468017578
68.65000915527344
69.04852294921875
70.60845184326172
68.84996032714844
68.72002410888672
70.25453186035156
69.10000610351562
69.47956085205078
69.32441711425781
72.9499740600586
68.9577865600586
68.9939956665039
68.61892700195312
68.95719909667969
70.35002136230469
68.7398910522461
69.48143005371094
68.74998474121094
68.91057586669922
69.64997863769531
69.45296478271484
69.16254425048828
70.02552795410156
68.8595199584961
69.29995727539062
79.15422821044922
68.17459106445312
68.87799835205078
69.00916290283203
68.25106811523438
69.95001220703125
68.8270492553711
68.60269165039062
72.95184326171875
67.63967895507812
68.6627197265625
68.82955932617188
68.94224548339844
69.58984375
68.81695556640625
68.89450073242188
68.4531021118164
68.11093139648438
68.90005493164062
69.10000610351562
68.10000991821289
69.97602081298828
69.30278778076172
68.94998931884766
68.70410919189453
69.4781723022461
69.1500473022461
69.35469818115234
68.89380645751953
69.13536071777344
69.30006408691406
69.00003051757812
69.1115951538086
68.20978546142578
69.00000381469727
69.22492218017578
69.14999389648438
69.7000732421875
68.81834411621094
75.26276397705078
68.49999237060547
68.48381042480469
69.35501861572266
68.69999694824219
68.9119644165039
69.9000244140625
69.14646911621094
69.14999389648438
68.90924072265625
78.6813735961914
68.8000259399414
69.79972839355469
69.4511489868164
68.65257263183594
69.25894165039062
68.75933074951172
69.65008544921875
68.96761322021484
70.00032043457031
68.63719177246094
69.38754272460938
68.8547134399414
76.13851165771484
75.25971984863281
70.26104736328125
69.14999389648438
69.22209167480469
68.02596282958984
70.11658477783203
68.56108856201172
69.0287094116211
68.97103118896484
69.55464935302734
69.9000244140625
68.82352447509766
69.72004699707031
69.2525863647461
68.92916107177734
69.35635375976562
75.35002899169922
67.75022888183594
68.48151397705078
69.26417541503906
69.03634643554688
68.65000915527344
69.35005187988281
71.30000305175781
67.59909057617188
70.20668029785156
68.64328002929688
69.04660034179688
69.45002746582031
68.94261932373047
69.7000732421875
74.3094711303711
69.00756072998047
69.85000991821289
68.7151107788086
69.0440902709961
70.0
69.23571014404297
78.2939682006836
68.81044006347656
74.36581420898438
68.69999694824219
69.35379028320312
69.49018859863281
69.20003509521484
68.3510971069336
70.43199920654297
68.49999237060547
69.05001831054688
68.50004577636719
68.71463012695312
68.58597564697266
69.53312683105469
68.46538543701172
69.35752868652344
68.89556884765625
69.1833724975586
69.01017761230469
69.77222442626953
68.37400817871094
69.95001220703125
69.92608642578125
66.18971252441406
69.67374420166016
68.9427261352539
67.76165771484375
69.14999389648438
67.70002746582031
67.6999740600586
68.59051513671875
70.00608825683594
68.0981674194336
69.5371322631836
69.3499984741211
69.68250274658203
69.05001831054688
68.72467041015625
80.1801528930664
70.64994812011719
68.70234680175781
69.02214050292969
69.56143188476562
67.742431640625
68.9124984741211
68.65000915527344
69.50001525878906
69.05001831054688
68.71260070800781
69.39998626708984
68.04999542236328
68.9000015258789
69.44992065429688
68.9000015258789
66.65989685058594
68.8000259399414
69.50001525878906
69.07405090332031
69.27272033691406
69.11260986328125
70.0
69.05450439453125
70.0
67.67700958251953
69.10000610351562
69.64997863769531
69.78392028808594
68.21480560302734
69.35357666015625
68.31104278564453
69.27474975585938
69.12932586669922
69.39998626708984
68.20001220703125
70.75003051757812
68.50330352783203
69.45104217529297
69.106201171875
68.80440521240234
69.9182357788086
68.8000259399414
68.91041564941406
69.01738739013672
68.40840148925781
69.55000305175781
69.56255340576172
68.51051330566406
68.72782135009766
75.42506408691406
68.74079895019531
68.40007019042969
70.199951171875
69.10443878173828
69.41088104248047
68.8000259399414
68.77391052246094
69.3499984741211
68.45000457763672
69.12788391113281
69.93543243408203
69.10807037353516
70.5500259399414
69.35005187988281
68.3160629272461
69.10262298583984
70.0
73.9864730834961
69.16377258300781
73.95250701904297
75.25
69.14828491210938
69.14999389648438
69.95001220703125
69.41702270507812
69.36628723144531
69.49237823486328
69.12921905517578
68.64990234375
69.10107421875
68.95565032958984
69.20008850097656
68.85001373291016
68.40001678466797
69.04996490478516
68.95004272460938
68.65000915527344
69.3440170288086
68.80120086669922
68.37528991699219
73.25865936279297
69.05001831054688
68.79997253417969
68.86544799804688
69.18502807617188
69.77008819580078
70.05244445800781
69.20003509521484
68.9000015258789
69.00093841552734
69.70001983642578
68.59999465942383
67.90628051757812
69.76971435546875
68.9022445678711
68.71324157714844
77.6500015258789
68.49032592773438
68.64445495605469
68.35008239746094
68.56423950195312
69.49419403076172
68.1500244140625
68.02761840820312
69.81340026855469
69.96165466308594
69.30006408691406
76.1033706665039
70.0
69.195068359375
70.3546142578125
68.80007934570312
69.45000076293945
69.36831665039062
70.05004119873047
69.09028625488281
69.55000305175781
69.9771957397461
68.21122741699219
69.40436553955078
69.35005187988281
69.7000732421875
70.23968505859375
80.04952239990234
69.7000732421875
68.60269165039062
74.85442352294922
70.0
69.47491455078125
69.68111419677734
69.45606231689453
68.40007019042969
67.89997863769531
68.85001373291016
68.25138854980469
69.50001525878906
67.84598541259766
69.54727935791016
70.00715637207031
69.33654022216797
79.50574493408203
69.09781646728516
69.59999084472656
68.90005493164062
68.60002136230469
73.60000228881836
68.55366516113281
69.04029846191406
70.0036849975586
68.90859985351562
74.96363830566406
69.4533920288086
69.04996490478516
70.25298309326172
69.55000305175781
69.14999389648438
70.0
69.64997863769531
69.45419311523438
68.6556167602539
69.05001831054688
69.7000732421875
69.50936126708984
76.98696899414062
68.50004577636719
69.13947296142578
69.0691909790039
69.27015686035156
69.41088104248047
68.60002136230469
69.26294708251953
69.75486755371094
68.316650390625
70.40182495117188
69.10000610351562
68.95623779296875
68.57817840576172
69.05781555175781
68.90678405761719
70.04582214355469
68.3499755859375
69.28799438476562
69.66258239746094
68.76878356933594
80.12364959716797
69.3499984741211
67.64704895019531
69.07709503173828
69.4499740600586
69.2198486328125
69.9959945678711
68.74998474121094
73.70000457763672
69.90397644042969
68.81529998779297
70.0
68.37865447998047
76.1500473022461
69.79572296142578
69.78365325927734
70.0
73.25914001464844
80.08963012695312
69.9000244140625
69.09915161132812
69.59999084472656
69.56501007080078
68.55606842041016
69.62354278564453
68.64087677001953
69.15421295166016
80.12065887451172
68.20535278320312
68.70496368408203
67.75001525878906
68.17240142822266
71.28681182861328
69.48463439941406
68.71041107177734
69.4499740600586
69.09413146972656
68.50004577636719
68.8572769165039
69.4391860961914
68.95500946044922
69.1965103149414
69.35240173339844
68.58432006835938
69.81462860107422
69.08040618896484
70.06574249267578
69.93623352050781
68.97364807128906
69.5519790649414
78.75
68.95004272460938
68.9500961303711
69.10411834716797
69.4573974609375
69.11891174316406
68.8000259399414
69.15000057220459
69.331787109375
69.92149353027344
68.8000259399414
77.4500503540039
68.65000915527344
68.74998474121094
69.37344360351562
69.22171783447266
69.60041809082031
69.45002746582031
69.0073471069336
68.65481567382812
68.74998474121094
69.59999084472656
69.06940460205078
72.60342407226562
69.06636047363281
68.85909271240234
68.8000259399414
69.59999084472656
69.571044921875
68.82501983642578
69.20003509521484
68.81359100341797
69.35047912597656
68.75009155273438
68.783203125
69.41675567626953
68.62619018554688
70.61389923095703
69.50001525878906
69.1355209350586
68.72087860107422
69.42802429199219
67.65821075439453
68.62875366210938
76.20003509521484
71.34999084472656
69.10000610351562
73.5
68.85198974609375
68.51911163330078
68.85337829589844
68.80269622802734
68.9529800415039
71.28622436523438
69.81452178955078
68.8894271850586
69.1059341430664
69.3511734008789
66.5
68.9555435180664
68.0344009399414
69.1500473022461
73.05000305175781
67.60346984863281
69.10358428955078
69.45440673828125
68.7139892578125
69.5012435913086
68.39999008178711
69.671875
68.36973571777344
68.87714385986328
69.48137664794922
69.7000732421875
69.14999389648438
69.11335754394531
69.4596939086914
80.12220764160156
69.78926086425781
69.20831298828125
76.14999389648438
68.96184539794922
69.35005187988281
68.865234375
68.80007934570312
69.12393188476562
69.35614013671875
69.1025161743164
69.85767364501953
79.25009155273438
69.70001983642578
69.11795043945312
75.35000228881836
68.89236450195312
69.26219940185547
69.33659362792969
69.2141342163086
69.56784057617188
75.27408599853516
68.91778564453125
68.43013763427734
68.63799285888672
69.45000076293945
69.35005187988281
69.40003967285156
68.60002136230469
69.11255645751953
69.32890319824219
68.98406219482422
69.1119155883789
69.08296966552734
69.800048828125
68.74998474121094
75.1500244140625
72.9499740600586
69.35651397705078
68.69999694824219
80.17924499511719
68.65139770507812
69.52682495117188
68.70491027832031
68.85001373291016
69.50001525878906
68.71270751953125
69.7000732421875
69.39998626708984
69.3593978881836
77.45512390136719
68.08540344238281
69.56661224365234
69.78231811523438
70.38099670410156
69.36041259765625
69.25990295410156
69.9088363647461
68.74373626708984
68.90005493164062
68.70010375976562
68.6513442993164
68.69999694824219
69.64997863769531
67.80000305175781
69.35614013671875
69.10000610351562
69.45381927490234
69.1178970336914
68.74234771728516
69.50001525878906
69.1201400756836
68.89209747314453
68.97498321533203
68.30004119873047
69.12483978271484
69.15763092041016
69.10737609863281
69.56201934814453
68.83837127685547
70.65005493164062
68.17170715332031
69.45002746582031
68.75575256347656
69.15485382080078
68.9000015258789
73.72857666015625
68.89802551269531
69.4499740600586
68.90005493164062
68.58464050292969
69.46033477783203
69.36762237548828
68.75906372070312
73.50496673583984
69.10000610351562
68.75003814697266
69.10636138916016
67.96540069580078
74.36111450195312
68.95741271972656
69.90109252929688
69.70001983642578
69.06967163085938
68.391845703125
68.9000015258789
70.34590911865234
69.50001525878906
69.7410888671875
68.85001373291016
69.27811431884766
68.28882598876953
68.33395385742188
69.10000610351562
68.71297454833984
68.6065902709961
69.78461456298828
69.55326080322266
69.56602478027344
69.14988708496094
69.39998626708984
69.40003967285156
69.28831481933594
69.41931915283203
69.1161880493164
69.70001983642578
68.30004119873047
68.08102416992188
69.45002746582031
68.79997253417969
68.2950210571289
69.15982055664062
68.7208251953125
69.123291015625
69.50001525878906
70.02408599853516
68.31120300292969
69.80330657958984
68.97968292236328
68.45000457763672
68.50389099121094
69.10598754882812
69.13776397705078
68.5083236694336
68.25
69.14999389648438
68.1548843383789
70.34297180175781
68.50004577636719
68.44402313232422
73.850341796875
68.26004028320312
68.9193344116211
69.14999389648438
68.91580963134766
68.48765563964844
69.40003967285156
68.8000259399414
69.22460174560547
69.7000732421875
69.2363510131836
69.45002746582031
69.6268539428711
69.4708023071289
68.74202728271484
68.70848846435547
68.5191650390625
68.76995849609375
69.3499984741211
68.98310089111328
69.75198364257812
69.5049819946289
70.25004577636719
68.01068878173828
78.55229187011719
70.56556701660156
69.69083404541016
68.050048828125
69.05001831054688
69.55000305175781
67.91573333740234
69.51860046386719
68.79997253417969
69.70000648498535
69.36543273925781
67.92977905273438
69.85000991821289
69.30481719970703
69.10833740234375
69.7000732421875
68.7000503540039
69.21434783935547
69.05306243896484
68.70896911621094
68.57417297363281
70.00272369384766
69.36436462402344
67.97362518310547
69.30422973632812
69.07276916503906
68.98432922363281
69.4499740600586
68.80387115478516
68.85006713867188
69.77991485595703
68.6000747680664
69.50001525878906
71.32003021240234
69.54300689697266
69.43838500976562
69.70001983642578
68.74122619628906
68.8000259399414
68.85006713867188
69.1255874633789
69.11666870117188
68.1500244140625
68.80007934570312
69.05001831054688
69.70001983642578
69.3041763305664
77.4500503540039
80.20797729492188
68.7433090209961
69.1691665649414
69.70001983642578
70.0
69.23731231689453
69.44992065429688
68.37528991699219
69.1098861694336
69.25760650634766
75.35000228881836
69.43245697021484
69.7000732421875
69.27298736572266
69.116455078125
68.36044311523438
75.2716293334961
69.55229949951172
67.56859588623047
69.43170928955078
69.52821350097656
69.32019805908203
69.40431213378906
68.9000015258789
74.38963317871094
69.14999389648438
69.22529602050781
75.27029418945312
68.96104431152344
69.77254486083984
68.66506958007812
69.05001831054688
70.56839752197266
69.19181060791016
69.10700225830078
69.15287780761719
68.96585083007812
69.14999389648438
68.69999694824219
69.15154266357422
68.1500244140625
68.91912078857422
69.0404052734375
69.20008850097656
68.8068618774414
68.69999694824219
69.7000732421875
70.0
69.56319427490234
69.55555725097656
68.65043640136719
69.9000244140625
69.55908203125
69.7000732421875
68.83911895751953
67.75001525878906
69.7000732421875
69.109619140625
70.0
68.75431060791016
79.15695190429688
72.35006713867188
69.70130157470703
68.26457977294922
69.55000305175781
69.59999084472656
69.20003509521484
68.90181732177734
67.75065612792969
68.91073608398438
70.41752624511719
68.24311065673828
73.5
75.2012939453125
69.22732543945312
68.74998474121094
69.20863342285156
69.03362274169922
69.78883361816406
69.13055419921875
69.14881896972656
69.36468505859375
68.71617889404297
68.95741271972656
69.45024108886719
69.4576644897461
69.05001831054688
69.05001831054688
69.67678833007812
69.50001525878906
69.1050796508789
68.85791778564453
69.95775604248047
70.47445678710938
69.4736328125
68.36012268066406
69.31485748291016
69.67817687988281
68.16348266601562
68.58314514160156
68.45000457763672
70.26713562011719
68.50827026367188
69.14999389648438
69.79251861572266
68.71051788330078
70.00849151611328
69.05001831054688
69.05252838134766
68.42874908447266
69.4898681640625
69.35063934326172
69.79620361328125
69.56543731689453
68.46138000488281
79.16282653808594
68.77556610107422
68.93204498291016
68.21331024169922
70.25004577636719
68.35638427734375
68.00411987304688
69.10999298095703
70.0
68.2540054321289
69.14561462402344
69.19213104248047
70.0
69.79080963134766
69.60869598388672
68.49993896484375
69.36100006103516
69.56282043457031
75.14997100830078
69.40003967285156
68.78528594970703
68.41726684570312
69.40094757080078
69.26705932617188
68.43638610839844
68.64242553710938
69.70001983642578
70.19599914550781
69.01925659179688
69.52810668945312
69.00131225585938
69.44992065429688
67.75364685058594
69.20003509521484
70.0416030883789
68.65000915527344
69.01995086669922
79.15000915527344
68.03888702392578
67.75001525878906
68.75003814697266
70.37432098388672
70.35359954833984
70.00042724609375
69.10385131835938
69.05001831054688
69.3021469116211
69.00003051757812
69.35395050048828
68.7005844116211
69.11917877197266
69.00659942626953
72.3073959350586
69.2696762084961
69.0728759765625
69.55000305175781
68.49785614013672
68.50853729248047
79.1527328491211
69.35005187988281
70.0
68.21277618408203
69.69051361083984
68.72782135009766
68.7521743774414
68.25
70.24588012695312
66.05347442626953
69.41643524169922
69.69905853271484
69.35005187988281
68.99404907226562
69.19998168945312
69.9000244140625
69.14999389648438
68.80007934570312
69.35005187988281
68.4815673828125
69.98990631103516
69.61766815185547
69.47774505615234
68.87981414794922
68.97925567626953
75.35000228881836
69.59796142578125
68.71783447265625
74.4009017944336
68.85006713867188
69.50001525878906
69.3722152709961
68.9162368774414
68.94091033935547
69.36185455322266
68.6029052734375
68.73652648925781
69.65371704101562
70.0
70.40193176269531
80.16082000732422
69.41803741455078
67.71546173095703
68.88451385498047
69.80533599853516
69.43389892578125
73.5
69.14999389648438
68.84996032714844
69.41050720214844
69.4431381225586
70.67024230957031
68.7601318359375
69.30706024169922
69.87091827392578
70.0
68.44178009033203
69.40174865722656
68.77177429199219
69.49040222167969
79.50275421142578
70.60001373291016
69.10000610351562
68.9327392578125
67.75423431396484
76.11544036865234
73.73808288574219
68.86790466308594
69.00003051757812
77.26542663574219
69.13349151611328
68.88510131835938
71.30000305175781
68.586669921875
69.7000732421875
69.7000732421875
68.91191101074219
68.73268127441406
68.55713653564453
68.8265151977539
68.74678039550781
75.2835922241211
68.06446838378906
69.5063705444336
69.6823959350586
68.9000015258789
68.73241424560547
68.44722747802734
69.3499984741211
68.80007934570312
75.28252410888672
68.65000915527344
69.55000305175781
69.43133544921875
69.35005187988281
69.09007263183594
68.9000015258789
69.2084732055664
68.98625183105469
69.3545913696289
69.44794464111328
70.0
68.9344482421875
69.10000610351562
69.50236511230469
69.0828628540039
69.00003051757812
68.22308349609375
69.00003051757812
69.00000381469727
70.0
68.66346740722656
70.00774383544922
69.30775451660156
69.40687561035156
68.15637969970703
80.06495666503906
69.50006866455078
69.17872619628906
69.00003051757812
70.0
68.4274673461914
69.12564086914062
74.45500183105469
68.35547637939453
69.59929656982422
68.91981506347656
69.69852447509766
69.50001525878906
69.56623840332031
68.66539001464844
69.35539245605469
69.55123138427734
68.81001281738281
70.0
69.19811248779297
69.47550201416016
69.3890380859375
68.58303833007812
67.75108337402344
68.49999237060547
69.59999084472656
68.8000259399414
69.1503677368164
68.71585845947266
68.80595397949219
68.16188049316406
69.05599975585938
69.72367858886719
69.90392303466797
68.9073715209961
69.8139877319336
69.20281219482422
69.13263702392578
73.74993896484375
70.0
68.90005493164062
68.55729675292969
75.05635070800781
68.85006713867188
69.50001525878906
70.381103515625
69.35662078857422
69.45638275146484
69.56116485595703
68.40396881103516
69.32377624511719
68.40001678466797
68.73428344726562
70.02483367919922
68.26292419433594
69.11640167236328
69.12654876708984
69.35005187988281
70.39472198486328
69.6225814819336
69.66802978515625
70.25111389160156
69.14999389648438
69.59999084472656
69.70001983642578
69.38481903076172
69.11538696289062
69.91903686523438
68.16935729980469
70.24262237548828
67.75001525878906
68.95004272460938
68.35002899169922
73.85071563720703
68.08673858642578
69.15480041503906
68.31104278564453
69.35234832763672
69.14534759521484
68.7914810180664
67.60010528564453
67.73634338378906
69.26006317138672
69.20003509521484
69.21247863769531
68.85006713867188
69.78514862060547
69.1500473022461
69.2132797241211
69.05001831054688
69.6049575805664
68.64627075195312
69.04718780517578
70.00021362304688
69.20825958251953
69.56063079833984
68.85172271728516
68.15520477294922
68.22917175292969
67.62723541259766
69.20852661132812
69.14999389648438
79.1561508178711
69.87882232666016
69.47566223144531
69.30342864990234
68.50250244140625
69.50001525878906
69.34396362304688
68.99645233154297
68.35686492919922
69.89484405517578
69.56143188476562
68.85759735107422
68.31024169921875
69.10780334472656
69.36847686767578
69.10000610351562
69.1910629272461
70.46195983886719
69.04999160766602
70.05004119873047
68.7000503540039
69.54573059082031
68.84996032714844
69.06240844726562
69.15010070800781
72.1672592163086
68.50656127929688
69.45002746582031
68.85626220703125
68.91896057128906
69.11981964111328
68.72974395751953
69.9604263305664
69.59999084472656
69.30225372314453
69.57547760009766
68.5407943725586
70.75003051757812
69.10000610351562
69.3499984741211
68.8418960571289
68.86026763916016
68.89610290527344
76.20927429199219
67.89997863769531
69.10000610351562
68.79735565185547
69.86573791503906
68.8000259399414
69.1500473022461
80.19142150878906
69.99161529541016
69.10000610351562
69.89094543457031
79.56182098388672
69.18486785888672
69.22332000732422
69.05001831054688
66.70000457763672
68.50004577636719
68.29352569580078
69.42711639404297
75.27974700927734
69.00003051757812
69.11335754394531
68.50848388671875
68.85311126708984
68.95191192626953
68.35002899169922
69.59999084472656
68.55329132080078
68.95458221435547
68.50896453857422
80.13005828857422
70.2253189086914
68.56402587890625
69.7963638305664
68.38618469238281
68.600341796875
68.55772399902344
69.48831939697266
69.76763153076172
70.0
72.91974639892578
68.55804443359375
69.10000610351562
79.64999389648438
69.03490447998047
69.04999160766602
69.50631713867188
72.47968292236328
73.48809051513672
69.3742446899414
69.65008544921875
67.60357666015625
69.800048828125
69.70188903808594
68.45149993896484
68.96958923339844
69.55000305175781
75.1172866821289
68.96366119384766
67.90003204345703
69.11095428466797
69.48970794677734
70.0
68.69999694824219
69.1366958618164
69.4098129272461
69.50001525878906
68.00529479980469
68.20989227294922
68.067138671875
68.94998931884766
69.30001068115234
68.93669128417969
69.93046569824219
69.0523681640625
69.04999160766602
69.7000732421875
69.91059875488281
68.7103042602539
68.10003662109375
68.92729187011719
68.31814575195312
68.71126556396484
69.50001525878906
68.96739959716797
69.09658813476562
68.5806884765625
68.60936737060547
68.8000259399414
69.65003204345703
68.9449691772461
68.94144439697266
68.46725463867188
69.19939422607422
69.56431579589844
69.2301025390625
69.70001983642578
68.47889709472656
69.01637268066406
68.40001678466797
69.05044555664062
69.12665557861328
69.33306884765625
69.10246276855469
68.91351318359375
69.7980728149414
69.23613739013672
69.26219940185547
69.17851257324219
70.40412139892578
69.4556884765625
68.56600189208984
68.32444763183594
68.31098937988281
69.21263885498047
69.05001831054688
69.0916748046875
70.60166931152344
70.0
68.28594207763672
69.11997985839844
69.25563049316406
68.79999923706055
69.96485900878906
70.0
70.48182678222656
70.34430694580078
69.41915893554688
68.1500244140625
68.57310485839844
69.69734954833984
69.13546752929688
69.12409210205078
69.11688232421875
69.20003509521484
69.65425109863281
69.33830261230469
69.4967041015625
70.0
68.10000991821289
67.60784912109375
69.40003967285156
69.55582427978516
68.95319366455078
69.45002746582031
69.70001983642578
69.11266326904297
70.17292785644531
69.26326751708984
68.61946105957031
70.0
69.11228942871094
69.49200439453125
69.50001525878906
69.11431884765625
79.30066680908203
68.95004272460938
68.21923828125
68.57022094726562
69.16633605957031
67.75001525878906
68.91815948486328
69.37328338623047
76.19998168945312
68.6966323852539
70.2999267578125
68.66522979736328
69.11891174316406
68.767822265625
68.70309448242188
68.71649932861328
74.45003509521484
69.3499984741211
69.03709411621094
69.35213470458984
80.22506713867188
68.56936645507812
69.49996185302734
69.30006408691406
69.37488555908203
69.6516342163086
68.60002136230469
69.50220489501953
72.45992279052734
68.46565246582031
68.39996337890625
68.89807891845703
76.20003509521484
69.10545349121094
68.81946563720703
68.02719116210938
68.87751770019531
69.35005187988281
68.17352294921875
69.56511688232422
75.25704956054688
68.70832824707031
68.7584228515625
69.33894348144531
69.89591217041016
69.10000610351562
68.43424987792969
68.9273452758789
69.60388946533203
70.6064224243164
76.15784454345703
69.37242889404297
69.85553741455078
69.70001983642578
68.65000915527344
76.1500473022461
69.20003509521484
68.75420379638672
69.95513916015625
68.93487548828125
69.55000305175781
69.21237182617188
67.59508514404297
69.94798278808594
69.50001525878906
68.72013092041016
70.69635772705078
69.3499984741211
69.35533905029297
69.7000732421875
68.25811767578125
68.65182495117188
69.5619125366211
68.94801330566406
69.10000610351562
68.85001373291016
70.06419372558594
69.04991149902344
68.64999580383301
69.37039947509766
69.089111328125
69.55000305175781
69.50391387939453
69.01493072509766
69.35501861572266
68.81444549560547
68.33368682861328
69.22315979003906
68.50325012207031
68.96713256835938
69.10000610351562
68.67671203613281
69.20825958251953
68.88590240478516
68.94283294677734
69.1486587524414
68.74998474121094
68.35002899169922
69.18972778320312
74.0579833984375
69.12921905517578
69.13824462890625
69.61729431152344
70.00320434570312
69.765869140625
68.94080352783203
69.34513854980469
69.00003051757812
69.48543548583984
69.20003509521484
69.3790512084961
68.30703735351562
69.4999885559082
68.70010375976562
68.7000503540039
69.80533599853516
68.5687255859375
69.39998626708984
69.35005187988281
69.0645980834961
69.84998321533203
68.8000259399414
80.08284759521484
69.95417785644531
69.0136489868164
69.79048919677734
73.12776184082031
68.89482116699219
72.89998626708984
76.1566162109375
68.8543930053711
69.69999313354492
68.8791732788086
69.85003662109375
69.2136001586914
68.23579406738281
64.90989685058594
70.6331787109375
69.15100860595703
68.96611785888672
69.55000305175781
69.14999389648438
69.47074890136719
69.99391174316406
69.2423324584961
69.2933349609375
69.55235290527344
68.62384033203125
68.69999694824219
69.7000732421875
69.3499984741211
68.56455993652344
68.40001678466797
73.70000457763672
69.20980834960938
69.77548217773438
68.66426849365234
69.35902404785156
69.10000610351562
69.1771240234375
69.91433715820312
67.99263763427734
68.93610382080078
69.24372100830078
69.37141418457031
68.76974487304688
68.35488891601562
71.30000305175781
69.3499984741211
69.16387939453125
69.10000610351562
68.95004272460938
69.32703399658203
68.70709991455078
69.10892486572266
68.81044006347656
69.48078918457031
68.38970947265625
68.91388702392578
69.55523681640625
70.0031509399414
67.70000076293945
69.05610656738281
68.94998931884766
69.10000610351562
73.74999237060547
68.37603759765625
69.10470581054688
68.83142852783203
68.85001373291016
69.46455383300781
68.95004272460938
69.04873657226562
68.4613265991211
68.7051773071289
70.23274230957031
69.44180297851562
76.19998168945312
67.80213928222656
68.79997253417969
69.30001068115234
68.71649932861328
69.23357391357422
68.9999771118164
67.8028335571289
69.12104797363281
73.56259155273438
68.65000915527344
69.06427764892578
69.40003967285156
69.6938247680664
68.7253646850586
70.16956329345703
69.57141876220703
69.837646484375
79.29553985595703
69.43096160888672
69.27902221679688
69.51998901367188
69.36126708984375
69.42161560058594
68.46538543701172
70.44999694824219
69.10582733154297
70.0
69.54338073730469
69.64997863769531
80.1513671875
69.04158020019531
70.23947143554688
69.18898010253906
69.10000610351562
69.50001525878906
69.35870361328125
69.56730651855469
69.00318145751953
68.49999237060547
69.24014282226562
69.80795288085938
68.41486358642578
69.79540252685547
68.50506591796875
68.6803970336914
69.5684814453125
68.84098815917969
68.42586517333984
69.64997863769531
69.59662628173828
68.52498626708984
68.50004577636719
68.99319458007812
68.42436981201172
68.57022094726562
66.16535949707031
73.686279296875
67.74371337890625
68.71382904052734
68.07803344726562
69.58092498779297
70.0
70.0
69.40003967285156
68.90005493164062
69.6601791381836
69.35710144042969
67.75941467285156
69.70001983642578
68.57278442382812
69.23229217529297
68.82074737548828
70.24881744384766
69.69281005859375
68.81134796142578
68.91810607910156
69.11442565917969
68.50004577636719
70.24999237060547
69.0572280883789
68.85001373291016
69.86178588867188
70.57843780517578
69.5195083618164
69.49996185302734
69.13990020751953
69.0110855102539
68.41278076171875
69.20500183105469
68.65000915527344
68.96232604980469
69.65003204345703
68.65000915527344
68.65748596191406
68.8162612915039
69.70001983642578
68.69999694824219
68.3172378540039
69.48810577392578
68.74832916259766
68.57209014892578
69.41969299316406
71.3139419555664
68.85001373291016
68.81572723388672
69.10000610351562
70.07343292236328
68.77460479736328
68.75009155273438
69.50001525878906
68.80931854248047
69.10000610351562
69.5701904296875
69.53077697753906
68.88072204589844
68.86929321289062
69.49996185302734
68.98956298828125
69.70001983642578
68.79596710205078
69.16462707519531
69.85633850097656
69.31998443603516
69.62332916259766
68.85001373291016
67.91557312011719
69.1500072479248
70.15007019042969
68.40001678466797
69.1537857055664
68.6313705444336
68.96809387207031
68.91180419921875
69.1500473022461
69.4913101196289
69.32062530517578
69.00045776367188
69.56111145019531
68.9088134765625
67.91455841064453
69.26519012451172
71.3002700805664
67.79348754882812
68.90544891357422
68.8000259399414
69.1021957397461
70.0
72.00074005126953
69.07437133789062
69.3668212890625
69.38492584228516
69.10000610351562
68.91201782226562
69.22716522216797
68.84392547607422
68.50004577636719
75.27915954589844
68.40434265136719
69.24270629882812
69.04999160766602
68.74720764160156
69.36393737792969
69.4499740600586
69.06951141357422
70.15220642089844
69.56474304199219
69.9051513671875
68.33080291748047
69.40003967285156
69.15912628173828
68.88899993896484
68.94571685791016
69.37926483154297
68.85000038146973
69.39165496826172
69.37104034423828
69.11266326904297
68.98870849609375
68.49577331542969
68.10003662109375
68.56338500976562
68.90005493164062
69.05450439453125
69.47347259521484
69.70071411132812
69.13162231445312
69.35982513427734
68.65000915527344
69.2050552368164
68.39804077148438
69.41205596923828
68.49993896484375
69.34156036376953
66.56793212890625
69.08045959472656
69.05968475341797
68.61128997802734
68.79997253417969
68.50001907348633
68.9000015258789
68.74998474121094
68.5772705078125
68.62207794189453
68.91532897949219
69.40153503417969
68.92216491699219
67.89260864257812
68.66880798339844
68.80184173583984
69.1338119506836
69.1529312133789
69.05001831054688
70.35696411132812
69.90499114990234
68.74710083007812
67.89997863769531
69.14273071289062
69.13397216796875
70.0
69.39998626708984
69.215576171875
68.8649673461914
70.16278076171875
69.4314956665039
69.6567611694336
68.55003356933594
69.25920867919922
68.76734161376953
68.29106903076172
68.69999694824219
68.9000015258789
69.18331909179688
69.263427734375
69.9000244140625
71.05476379394531
69.3679428100586
68.77246856689453
68.5069351196289
70.38542938232422
68.73695373535156
69.70001983642578
69.47630310058594
69.52447509765625
68.71249389648438
69.30364227294922
69.67753601074219
69.51171112060547
69.44992065429688
69.14999389648438
69.65216827392578
69.03874969482422
75.35000228881836
76.12745666503906
69.35074615478516
69.14999389648438
68.99981689453125
75.28289794921875
69.11907196044922
68.40685272216797
69.10470581054688
69.45024108886719
70.3836669921875
68.50004577636719
70.01041412353516
69.11463928222656
68.9264907836914
69.38610076904297
72.53538513183594
69.19998168945312
69.26753997802734
69.33451080322266
68.98368835449219
69.14999389648438
69.51571655273438
68.93685150146484
69.36100006103516
69.13648223876953
68.9205093383789
69.05770874023438
69.28324127197266
69.50968170166016
78.05908966064453
68.75788879394531
69.34994506835938
68.71537780761719
68.95004272460938
68.85001373291016
69.61483764648438
68.4886703491211
69.22000885009766
70.78955078125
68.73118591308594
68.80007934570312
68.25
70.0
69.13461303710938
68.25635528564453
69.50001525878906
68.74998474121094
69.2166976928711
76.50001525878906
68.57171630859375
69.09733581542969
69.12521362304688
69.48271179199219
77.45368194580078
69.00003051757812
70.0
69.45136260986328
68.58768463134766
68.9005355834961
70.24999237060547
69.22850036621094
68.36690521240234
68.8000259399414
68.18212127685547
68.30009460449219
69.25221252441406
69.41200256347656
68.8000259399414
69.41451263427734
77.5500259399414
68.16129302978516
68.50186157226562
69.37985229492188
68.33470153808594
69.59999084472656
68.8786392211914
69.166015625
68.55644226074219
68.55003356933594
69.67048645019531
69.05786895751953
68.5701675415039
69.40003967285156
68.72659301757812
69.07212829589844
68.9162368774414
69.10000610351562
70.4979019165039
68.25208282470703
76.96886444091797
69.64997863769531
68.22874450683594
69.003662109375
69.05001831054688
69.39533996582031
69.2500228881836
69.17130279541016
69.30006408691406
69.12147521972656
68.50362396240234
68.76862335205078
68.96163177490234
69.05188751220703
68.65000915527344
69.1905288696289
69.14999389648438
69.14940643310547
74.38375854492188
69.1090316772461
69.09274291992188
68.92002868652344
69.37760925292969
68.9310302734375
68.63574981689453
70.0014419555664
74.36469268798828
80.130859375
69.00003051757812
69.32228088378906
70.01404571533203
68.7074203491211
69.32185363769531
69.36019897460938
69.00000381469727
68.56103515625
69.05001831054688
69.38017272949219
68.70661926269531
70.02670288085938
68.32781219482422
69.14999389648438
68.907958984375
66.67693328857422
68.90005493164062
68.90005493164062
69.48516845703125
69.55000305175781
70.01602172851562
68.9000015258789
68.95228576660156
69.00782775878906
69.12483978271484
68.72285461425781
69.35859680175781
68.56792449951172
69.0592041015625
69.49787902832031
69.36415100097656
70.02915954589844
69.06598663330078
68.50554656982422
70.0
69.50135040283203
68.95970916748047
68.87954711914062
69.5226058959961
70.6500015258789
69.06929779052734
68.49999237060547
69.59368896484375
69.37493896484375
69.36409759521484
68.41027069091797
69.10550689697266
69.88945007324219
68.92659759521484
69.30657958984375
69.76362609863281
69.38727569580078
70.00373840332031
69.20911407470703
68.8000259399414
68.44493103027344
69.43384552001953
71.30000305175781
71.85008239746094
80.21337127685547
70.0
69.56378173828125
68.5806884765625
69.45905303955078
69.23474884033203
69.35694122314453
68.50159454345703
69.70001983642578
68.60002136230469
68.47937774658203
76.13370513916016
69.05001831054688
68.55003356933594
75.1500244140625
69.06363677978516
80.18479919433594
69.22588348388672
76.01808166503906
69.15026092529297
68.76461791992188
69.10000610351562
69.10000610351562
68.65027618408203
69.10000610351562
68.92002868652344
68.26543426513672
74.61297607421875
71.46107482910156
68.8509750366211
68.1229476928711
69.3648452758789
68.95677185058594
69.09557342529297
70.15001678466797
69.0990982055664
68.26025390625
69.30294799804688
69.20767211914062
75.27381896972656
68.43547821044922
69.4078369140625
68.85001373291016
68.449951171875
73.45001220703125
69.55000305175781
68.64125061035156
69.98611450195312
69.0634765625
68.66773986816406
68.6151351928711
68.3428726196289
69.19528198242188
68.65454864501953
68.72819519042969
68.60002136230469
68.8000259399414
68.33000183105469
67.66686248779297
69.46466064453125
68.95004272460938
68.65716552734375
73.45001220703125
68.9000015258789
69.35005187988281
69.57120513916016
68.91874694824219
69.35005187988281
68.26057434082031
70.01981353759766
69.55128479003906
67.95199584960938
69.05867004394531
69.50001525878906
66.18645477294922
69.81847381591797
69.26524353027344
72.68753814697266
69.07095336914062
69.56597137451172
68.8000259399414
69.36618041992188
69.28115844726562
68.22452545166016
68.7020263671875
67.61286926269531
68.49999237060547
69.06609344482422
69.91876983642578
69.50460815429688
70.0
69.74440002441406
69.1247329711914
77.30003356933594
69.55000305175781
69.10102081298828
73.70860290527344
69.51560974121094
68.16161346435547
69.7903823852539
69.52880096435547
68.26959991455078
68.73401641845703
68.1500244140625
69.14673614501953
69.4528579711914
69.37371063232422
68.65374755859375
70.00507354736328
68.94993591308594
68.5129165649414
75.90320587158203
79.25393676757812
68.7000503540039
70.81155395507812
68.23766326904297
69.11212921142578
68.69999694824219
68.92008209228516
69.36500549316406
68.33112335205078
69.78872680664062
69.96870422363281
70.40000915527344
69.41136169433594
68.71324157714844
70.0
69.59999084472656
69.63155364990234
70.63189697265625
68.9107894897461
68.79997253417969
68.50885772705078
69.461669921875
68.67089080810547
69.05915069580078
75.99132537841797
68.84291076660156
68.726806640625
70.03978729248047
68.70475006103516
72.56048583984375
68.9000015258789
68.7256851196289
68.74768829345703
69.50001525878906
69.32228088378906
69.94648742675781
69.10182189941406
68.7663803100586
69.72645568847656
68.94475555419922
69.30001068115234
69.3499984741211
70.10000228881836
69.0640640258789
73.9500503540039
68.67078399658203
69.45002746582031
69.01338195800781
69.35005187988281
75.3499755859375
69.50001525878906
69.7000732421875
68.69999694824219
69.07789611816406
68.66474914550781
69.47491455078125
69.26786041259766
69.88907623291016
69.14999389648438
68.97156524658203
70.56546020507812
68.25726318359375
69.35250854492188
69.23197174072266
68.50004577636719
68.72114562988281
73.5
68.28455352783203
68.47008514404297
68.7159652709961
69.50001525878906
68.7208251953125
69.10321044921875
69.50311279296875
69.22246551513672
68.72969055175781
69.47010803222656
68.91741180419922
68.4544906616211
68.95228576660156
68.98780059814453
68.58821868896484
68.84996032714844
69.14187622070312
69.19998168945312
70.0
68.89434051513672
69.90274810791016
69.29013061523438
69.17076873779297
69.116455078125
69.8054428100586
68.65000915527344
72.72647094726562
70.69998931884766